360
44960
2664
49952
49952
49678
49678
49732
2896
784
49678
49740
49678
49678
49678
49678
49678
40614
41852
41852
45008
41852
41852
41852
41852
49678
41852
41826
41852
45008
4780
4780
252
4780
4780
4780
2864
252
4780
4780
4780
4780
6364
44960
7800
7120
44954
2808
250
44960
44960
44960
44960
44960
44960
44960
44960
44960
44960
45014
44958
44960
44960
44960
44960
44968
44960
44960
2664
44960
44960
44960
44894
44960
44960
44960
45006
41850
6
6
44960
44894
44960
0
44960
44964
7148
47970
3614
45014
6612
6
