67260
67260
67260
67260
67260
67260
67260
67260
67260
67260
67260
67260
67260
67260
67260
67260
67260
67260
67260
67260
67260
67260
67260
67260
67260
67260
67260
67260
67260
67260
67260
67260
67260
67260
67260
67260
67260
67260
67260
67260
67260
67260
67260
67260
67260
67260
67260
67260
67260
67260
67260
67260
67260
67260
67260
67260
67260
67260
67260
67260
67260
67260
67260
67260
67260
67260
67260
67260
67260
67260
67260
67260
67260
67260
67260
67260
67260
67260
67260
67260
67260
67260
67260
67260
67260
67260
67260
67260
67260
67260
67260
67260
